[gd_scene load_steps=7 format=3 uid="uid://ckmyxrdatd8f3"]

[ext_resource type="Script" path="res://Levels/Handlers/level.gd" id="1_p227n"]
[ext_resource type="PackedScene" uid="uid://1eeeduytkkbm" path="res://Levels/Parts/FalseEndZone.tscn" id="3_msh67"]
[ext_resource type="PackedScene" uid="uid://df3msx1k8vfiy" path="res://Editor/Parts/Important/EndZone.tscn" id="4_wio52"]

[sub_resource type="PhysicsMaterial" id="PhysicsMaterial_5w47p"]
friction = 0.2
rough = true

[sub_resource type="StandardMaterial3D" id="StandardMaterial3D_cvea5"]

[sub_resource type="BoxShape3D" id="BoxShape3D_gxrci"]
size = Vector3(3, 1, 3)

[node name="Platform" type="RigidBody3D"]
physics_material_override = SubResource("PhysicsMaterial_5w47p")
gravity_scale = 0.0
freeze = true
freeze_mode = 1
script = ExtResource("1_p227n")

[node name="CSGCombiner3D" type="CSGCombiner3D" parent="."]
layers = 3
use_collision = true

[node name="CSGSphere3D" type="CSGSphere3D" parent="CSGCombiner3D"]
transform = Transform3D(1, 0, 0, 0, 0.4, 0, 0, 0, 1, 0, 0, 0)
radius = 10.0
radial_segments = 30
rings = 30
material = SubResource("StandardMaterial3D_cvea5")

[node name="CSGBox3D" type="CSGBox3D" parent="CSGCombiner3D"]
transform = Transform3D(1, 0, 0, 0, 1, 0, 0, 0, 1, 0, 2, 0)
operation = 2
size = Vector3(20, 4, 20)

[node name="Starts" type="Node3D" parent="."]

[node name="Area3D" type="Area3D" parent="Starts"]

[node name="CollisionShape3D" type="CollisionShape3D" parent="Starts/Area3D"]
transform = Transform3D(1, 0, 0, 0, 1, 0, 0, 0, 1, -5.58384, 0, -5)
shape = SubResource("BoxShape3D_gxrci")

[node name="CollisionShape3D2" type="CollisionShape3D" parent="Starts/Area3D"]
transform = Transform3D(1, 0, 0, 0, 1, 0, 0, 0, 1, -6.56581, 0, -1.01024)
shape = SubResource("BoxShape3D_gxrci")

[node name="CollisionShape3D3" type="CollisionShape3D" parent="Starts/Area3D"]
transform = Transform3D(1, 0, 0, 0, 1, 0, 0, 0, 1, 2.17499, 0, -4.58582)
shape = SubResource("BoxShape3D_gxrci")

[node name="Ends" type="Node3D" parent="."]

[node name="EndZone" parent="Ends" instance=ExtResource("4_wio52")]
transform = Transform3D(-3.09086e-08, -0.707107, -0.707107, 1, -4.37114e-08, 0, -3.09086e-08, -0.707107, 0.707107, 5, 0, 5)

[node name="Obstacles" type="Node3D" parent="."]

[node name="False End Zone6" parent="Obstacles" instance=ExtResource("3_msh67")]
transform = Transform3D(-3.82308e-08, -0.87462, -0.48481, 1, -4.37114e-08, 0, -2.11917e-08, -0.48481, 0.87462, 4.32066, 0, -1.61465)

[node name="False End Zone2" parent="Obstacles" instance=ExtResource("3_msh67")]
transform = Transform3D(-3.91188e-08, -0.894934, -0.446198, 1, -4.37114e-08, 0, -1.95039e-08, -0.446198, 0.894934, -0.854233, 0, 6.7918)

[node name="False End Zone3" parent="Obstacles" instance=ExtResource("3_msh67")]
transform = Transform3D(-4.30473e-08, -0.984808, -0.173648, 1, -4.37114e-08, 0, -7.5904e-09, -0.173648, 0.984808, -2.48009, 0, 1.80186)

[node name="False End Zone4" parent="Obstacles" instance=ExtResource("3_msh67")]
transform = Transform3D(-4.10753e-08, -0.939693, 0.34202, 1, -4.37114e-08, 0, 1.49502e-08, 0.34202, 0.939693, -0.0822983, 0, -6.16416)

[node name="False End Zone5" parent="Obstacles" instance=ExtResource("3_msh67")]
transform = Transform3D(-3.09086e-08, -0.707107, -0.707107, 1, -4.37114e-08, 0, -3.09086e-08, -0.707107, 0.707107, -6.04898, 0, 5.04797)

[node name="InputTrigger" type="Area3D" parent="."]

[node name="CollisionShape3D" type="CollisionShape3D" parent="InputTrigger"]
transform = Transform3D(1, 0, 0, 0, 1, 0, 0, 0, 1, -5.584, 1, -5)
shape = SubResource("BoxShape3D_gxrci")

[node name="CollisionShape3D2" type="CollisionShape3D" parent="InputTrigger"]
transform = Transform3D(1, 0, 0, 0, 1, 0, 0, 0, 1, -6.566, 1, -1.01)
shape = SubResource("BoxShape3D_gxrci")

[node name="CollisionShape3D3" type="CollisionShape3D" parent="InputTrigger"]
transform = Transform3D(1, 0, 0, 0, 1, 0, 0, 0, 1, 2.175, 1, -4.586)
shape = SubResource("BoxShape3D_gxrci")

[connection signal="area_entered" from="InputTrigger" to="." method="input_trigger"]
